O0
     title;             KiB;             MiB;             GiB;          n;          r;               d;             min;             max;            mean;                 stddev (%);      MiB/s
      BASE;           2.000;           0.002;           0.000;        128;        500;         573.079;         825.334;         993.250;         933.316;          58.834 ( 6.304 %);   1046.337
        r8;           2.000;           0.002;           0.000;        128;        500;         738.575;         300.332;         392.166;         342.518;          11.775 ( 3.438 %);   2851.129
O1     
      BASE;           2.000;           0.002;           0.000;        128;        500;        1186.624;         220.334;         248.418;         221.727;           4.980 ( 2.246 %);   4404.339
        r8;           2.000;           0.002;           0.000;        128;        500;         960.431;         134.916;         140.832;         135.262;           1.004 ( 0.742 %);   7219.759
O2    
      BASE;           2.000;           0.002;           0.000;        128;        500;        1055.141;         135.500;         178.334;         170.598;           9.189 ( 5.386 %);   5724.337
        r8;           2.000;           0.002;           0.000;        128;        500;        1903.214;         134.916;         135.250;         135.076;           0.092 ( 0.068 %);   7229.752
O3    
      BASE;           2.000;           0.002;           0.000;        128;        500;         758.590;         143.916;         173.666;         171.985;           5.041 ( 2.931 %);   5678.181
        r8;           2.000;           0.002;           0.000;        128;        500;         544.082;         134.916;         135.750;         135.124;           0.149 ( 0.110 %);   7227.181
Ofast     
      BASE;           2.000;           0.002;           0.000;        128;        500;         843.860;          25.166;          25.750;          25.300;           0.095 ( 0.377 %);  38598.569
        r8;           2.000;           0.002;           0.000;        128;        500;         632.782;          74.250;          74.582;          74.396;           0.083 ( 0.112 %);  13126.503
