O0
    title;             KiB;             MiB;             GiB;          n;          r;               d;             min;             max;            mean;                 stddev (%);      MiB/s
      BASE;           2.000;           0.002;           0.000;        128;        500;        4725.731;         868.168;        1236.334;         997.697;          87.673 ( 8.788 %);    978.817
        c8;           2.000;           0.002;           0.000;        128;        500;        5167.957;         233.916;         246.584;         235.159;           2.511 ( 1.068 %);   4152.774
O1
      BASE;           2.000;           0.002;           0.000;        128;        500;        4085.876;         284.084;         316.666;         285.831;           5.837 ( 2.042 %);   3416.576
        c8;           2.000;           0.002;           0.000;        128;        500;        3140.446;          58.250;          58.584;          58.351;           0.074 ( 0.128 %);  16735.959 
O2
      BASE;           2.000;           0.002;           0.000;        128;        500;        7963.186;         202.000;         225.332;         203.480;           4.387 ( 2.156 %);   4799.306
        c8;           2.000;           0.002;           0.000;        128;        500;        6042.773;          58.168;          58.666;          58.348;           0.103 ( 0.176 %);  16736.724
O3
      BASE;           2.000;           0.002;           0.000;        128;        500;        3382.821;         201.750;         207.666;         202.088;           1.008 ( 0.499 %);   4832.357
        c8;           2.000;           0.002;           0.000;        128;        500;        3059.306;          58.250;          58.832;          58.371;           0.118 ( 0.202 %);  16730.190
Ofast
      BASE;           2.000;           0.002;           0.000;        128;        500;        3564.275;          35.000;          35.416;          35.129;           0.069 ( 0.198 %);  27799.349
        c8;           2.000;           0.002;           0.000;        128;        500;        6309.377;          39.332;          39.584;          39.417;           0.042 ( 0.106 %);  24775.446

    