O0    
    title;             KiB;             MiB;             GiB;          n;          r;               d;             min;             max;            mean;                 stddev (%);      MiB/s
      BASE;           0.125;           0.000;           0.000;          8;        500;          60.351;          82.832;          83.916;          83.036;           0.204 ( 0.246 %);    735.048
        r8;           0.125;           0.000;           0.000;          8;        500;          15.076;          35.082;          35.582;          35.184;           0.085 ( 0.242 %);   1734.724
O1
      BASE;           0.125;           0.000;           0.000;          8;        500;          97.338;          14.416;          15.166;          14.573;           0.126 ( 0.866 %);   4188.175
        r8;           0.125;           0.000;           0.000;          8;        500;          95.305;           8.750;           8.918;           8.806;           0.054 ( 0.611 %);   6931.421
O2
      BASE;           0.125;           0.000;           0.000;          8;        500;         106.482;          10.332;          11.000;          10.452;           0.114 ( 1.092 %);   5839.601
        r8;           0.125;           0.000;           0.000;          8;        500;          17.393;           8.666;           9.000;           8.808;           0.068 ( 0.766 %);   6929.466
O3
      BASE;           0.125;           0.000;           0.000;          8;        500;          24.999;          10.332;          10.832;          10.437;           0.086 ( 0.822 %);   5848.045
        r8;           0.125;           0.000;           0.000;          8;        500;          54.125;           8.668;           9.000;           8.816;           0.071 ( 0.808 %);   6923.559
Ofast
      BASE;           0.125;           0.000;           0.000;          8;        500;          27.325;           6.832;           7.082;           6.866;           0.055 ( 0.797 %);   8889.400
        r8;           0.125;           0.000;           0.000;          8;        500;          43.825;           6.000;           6.250;           6.111;           0.049 ( 0.810 %);   9987.604

