O0
     title;             KiB;             MiB;             GiB;          n;          r;               d;             min;             max;            mean;                 stddev (%);      MiB/s
      BASE;           0.125;           0.000;           0.000;          8;        500;          37.363;          39.000;          39.500;          39.114;           0.128 ( 0.328 %);   1560.455
        r8;           0.125;           0.000;           0.000;          8;        500;         120.932;          16.418;          16.750;          16.568;           0.057 ( 0.342 %);   3683.878
O1
      BASE;           0.125;           0.000;           0.000;          8;        500;          51.470;          14.334;          15.000;          14.561;           0.105 ( 0.719 %);   4191.783
        r8;           0.125;           0.000;           0.000;          8;        500;          30.317;           8.666;           9.084;           8.810;           0.073 ( 0.830 %);   6927.559
O2
      BASE;           0.125;           0.000;           0.000;          8;        500;          24.960;          10.332;          10.750;          10.452;           0.075 ( 0.719 %);   5839.533
        r8;           0.125;           0.000;           0.000;          8;        500;          21.227;           8.668;           9.000;           8.803;           0.068 ( 0.776 %);   6933.426
O3
      BASE;           0.125;           0.000;           0.000;          8;        500;          59.096;           7.500;           7.834;           7.626;           0.070 ( 0.912 %);   8003.179
        r8;           0.125;           0.000;           0.000;          8;        500;          78.514;           6.332;           6.582;           6.434;           0.045 ( 0.707 %);   9486.168
Ofast
      BASE;           0.125;           0.000;           0.000;          8;        500;          27.165;           5.332;           5.500;           5.366;           0.046 ( 0.863 %);  11374.038
        r8;           0.125;           0.000;           0.000;          8;        500;          61.541;           4.750;           4.916;           4.780;           0.046 ( 0.956 %);  12768.052
