O0
     Title;             KiB;             MiB;             GiB;          n;          r;               d;             min;             max;            mean;                 stddev (%);      MiB/s
      BASE;           2.000;           0.002;           0.000;        128;        500;        1710.714;         753.584;         934.834;         789.488;          59.143 ( 7.491 %);   1236.957
        c8;           2.000;           0.002;           0.000;        128;        500;        3499.759;         180.666;         211.000;         183.341;           7.614 ( 4.153 %);   5326.477
O1
      BASE;           2.000;           0.002;           0.000;        128;        500;       18095.063;         284.082;         303.000;         285.108;           3.490 ( 1.224 %);   3425.233
        c8;           2.000;           0.002;           0.000;        128;        500;        5462.931;          58.166;          58.668;          58.374;           0.109 ( 0.186 %);  16729.478
O2
      BASE;           2.000;           0.002;           0.000;        128;        500;       18994.565;         202.000;         202.500;         202.169;           0.111 ( 0.055 %);   4830.426
        c8;           2.000;           0.002;           0.000;        128;        500;        3626.522;          58.250;          58.750;          58.356;           0.094 ( 0.161 %);  16734.586
O3
      BASE;           2.000;           0.002;           0.000;        128;        500;        2108.941;         201.666;         207.834;         202.525;           1.580 ( 0.780 %);   4821.933
        c8;           2.000;           0.002;           0.000;        128;        500;        4127.659;          58.250;          58.668;          58.371;           0.100 ( 0.172 %);  16730.173
Ofast    
      BASE;           2.000;           0.002;           0.000;        128;        500;        4601.433;          74.416;          75.334;          74.609;           0.162 ( 0.217 %);  13089.130
        c8;           2.000;           0.002;           0.000;        128;        500;        2305.679;          61.000;          61.250;          61.088;           0.078 ( 0.127 %);  15986.032
