O0
   ## title;             KiB;             MiB;             GiB;          n;          r;               d;             min;             max;            mean;                 stddev (%);      MiB/s ##
      BASE;           0.125;           0.000;           0.000;          8;        500;        2251.694;         106.334;         107.166;         106.530;           0.135 ( 0.126 %);    572.937
        c8;           0.125;           0.000;           0.000;          8;        500;          68.082;          39.500;          40.166;          39.656;           0.138 ( 0.347 %);   1539.096
O1  
      BASE;           0.125;           0.000;           0.000;          8;        500;          85.054;          18.082;          18.668;          18.167;           0.100 ( 0.551 %);   3359.722
        c8;           0.125;           0.000;           0.000;          8;        500;          58.977;          18.082;          18.250;          18.131;           0.051 ( 0.283 %);   3366.314
O2  
      BASE;           0.125;           0.000;           0.000;          8;        500;          77.085;           8.668;           9.000;           8.800;           0.075 ( 0.850 %);   6935.431
        c8;           0.125;           0.000;           0.000;          8;        500;        1888.886;          10.250;          10.418;          10.341;           0.038 ( 0.369 %);   5902.335
O3
      BASE;           0.125;           0.000;           0.000;          8;        500;         117.013;          15.750;          16.416;          15.896;           0.108 ( 0.680 %);   3839.567
        c8;           0.125;           0.000;           0.000;          8;        500;         312.277;          18.000;          18.500;          18.149;           0.095 ( 0.522 %);   3362.998
Ofast   
      BASE;           0.125;           0.000;           0.000;          8;        500;          57.187;           5.250;           5.500;           5.402;           0.053 ( 0.981 %);  11299.636
        c8;           0.125;           0.000;           0.000;          8;        500;         245.505;           5.082;           5.168;           5.086;           0.015 ( 0.291 %);  12001.050
