O0
     title;             KiB;             MiB;             GiB;          n;          r;               d;             min;             max;            mean;                 stddev (%);      MiB/s
       BASE;           2.000;           0.002;           0.000;        128;        500;         555.080;         716.334;         964.750;         803.374;          55.543 ( 6.914 %);   1215.577
        r8;           2.000;           0.002;           0.000;        128;        500;        2390.260;         260.084;         296.584;         280.902;          17.199 ( 6.123 %);   3476.528
O1     
      BASE;           2.000;           0.002;           0.000;        128;        500;        1762.179;         220.250;         253.500;         223.861;           8.364 ( 3.736 %);   4362.359
        r8;           2.000;           0.002;           0.000;        128;        500;         913.918;         134.916;         135.416;         135.106;           0.112 ( 0.083 %);   7228.111
O2    
      BASE;           2.000;           0.002;           0.000;        128;        500;         486.501;         135.416;         152.250;         136.152;           2.911 ( 2.138 %);   7172.616
        r8;           2.000;           0.002;           0.000;        128;        500;         954.891;         135.000;         140.666;         135.447;           1.340 ( 0.989 %);   7209.925
O3   
      BASE;           2.000;           0.002;           0.000;        128;        500;         520.811;         135.416;         136.000;         135.583;           0.146 ( 0.108 %);   7202.670
        r8;           2.000;           0.002;           0.000;        128;        500;         919.938;         134.916;         135.416;         135.126;           0.122 ( 0.090 %);   7227.051
Ofast   
      BASE;           2.000;           0.002;           0.000;        128;        500;         663.627;          25.084;          25.834;          25.273;           0.120 ( 0.476 %);  38640.870
        r8;           2.000;           0.002;           0.000;        128;        500;         824.192;          74.250;          74.500;          74.371;           0.059 ( 0.079 %);  13130.910
